# * EXCEPTION: 'render_cube': wrong number of arguments (3 for 5)
# ** Backtrace:
# *** app/main.rb:49:in render_grid
# *** app/main.rb:48:in render_grid
# *** app/main.rb:47:in render_grid
# *** app/main.rb:86:in render
# *** app/main.rb:158:in tick
# *** app/main.rb:5:in tick

Game State:
{:state=>{:entity_id=>1, :tick_count=>526, :__thrash_count__=>{:+=>2306}, :game=>#<TetrisGame:0x7faa47b86ca0>}, :temp_state=>{}, :inputs=>{:controller_one=>{:key_down=>{}, :key_held=>{}, :key_up=>{}}, :controller_two=>{:key_down=>{}, :key_held=>{}, :key_up=>{}}, :keyboard=>{:key_up=>{:truthy_keys=>[]}, :key_held=>{:raw_key=>522, :down=>522, :truthy_keys=>[:raw_key, :down]}, :key_down=>{:truthy_keys=>[]}, :has_focus=>true}, :mouse=>{:x=>904.0, :y=>241.0, :moved=>nil, :moved_at=>471, :has_focus=>true}, :text=>[]}, :passes=>[], :outputs=>{:solids=>[[0, 0, 1280, 720, 0, 0, 0], [460.0, 660.0, 30, 30, 255, 255, 255, 255], [460.0, 30.0, 30, 30, 255, 255, 255, 255], [490.0, 660.0, 30, 30, 255, 255, 255, 255], [490.0, 30.0, 30, 30, 255, 255, 255, 255], [520.0, 660.0, 30, 30, 255, 255, 255, 255], [520.0, 30.0, 30, 30, 255, 255, 255, 255], [550.0, 660.0, 30, 30, 255, 255, 255, 255], [550.0, 30.0, 30, 30, 255, 255, 255, 255], [580.0, 660.0, 30, 30, 255, 255, 255, 255], [580.0, 30.0, 30, 30, 255, 255, 255, 255], [610.0, 660.0, 30, 30, 255, 255, 255, 255], [610.0, 30.0, 30, 30, 255, 255, 255, 255], [640.0, 660.0, 30, 30, 255, 255, 255, 255], [640.0, 30.0, 30, 30, 255, 255, 255, 255], [670.0, 660.0, 30, 30, 255, 255, 255, 255], [670.0, 30.0, 30, 30, 255, 255, 255, 255], [700.0, 660.0, 30, 30, 255, 255, 255, 255], [700.0, 30.0, 30, 30, 255, 255, 255, 255], [730.0, 660.0, 30, 30, 255, 255, 255, 255], [730.0, 30.0, 30, 30, 255, 255, 255, 255], [760.0, 660.0, 30, 30, 255, 255, 255, 255], [760.0, 30.0, 30, 30, 255, 255, 255, 255], [790.0, 660.0, 30, 30, 255, 255, 255, 255], [790.0, 30.0, 30, 30, 255, 255, 255, 255], [460.0, 660.0, 30, 30, 255, 255, 255, 255], [790.0, 660.0, 30, 30, 255, 255, 255, 255], [460.0, 630.0, 30, 30, 255, 255, 255, 255], [790.0, 630.0, 30, 30, 255, 255, 255, 255], [460.0, 600.0, 30, 30, 255, 255, 255, 255], [790.0, 600.0, 30, 30, 255, 255, 255, 255], [460.0, 570.0, 30, 30, 255, 255, 255, 255], [790.0, 570.0, 30, 30, 255, 255, 255, 255], [460.0, 540.0, 30, 30, 255, 255, 255, 255], [790.0, 540.0, 30, 30, 255, 255, 255, 255], [460.0, 510.0, 30, 30, 255, 255, 255, 255], [790.0, 510.0, 30, 30, 255, 255, 255, 255], [460.0, 480.0, 30, 30, 255, 255, 255, 255], [790.0, 480.0, 30, 30, 255, 255, 255, 255], [460.0, 450.0, 30, 30, 255, 255, 255, 255], [790.0, 450.0, 30, 30, 255, 255, 255, 255], [460.0, 420.0, 30, 30, 255, 255, 255, 255], [790.0, 420.0, 30, 30, 255, 255, 255, 255], [460.0, 390.0, 30, 30, 255, 255, 255, 255], [790.0, 390.0, 30, 30, 255, 255, 255, 255], [460.0, 360.0, 30, 30, 255, 255, 255, 255], [790.0, 360.0, 30, 30, 255, 255, 255, 255], [460.0, 330.0, 30, 30, 255, 255, 255, 255], [790.0, 330.0, 30, 30, 255, 255, 255, 255], [460.0, 300.0, 30, 30, 255, 255, 255, 255], [790.0, 300.0, 30, 30, 255, 255, 255, 255], [460.0, 270.0, 30, 30, 255, 255, 255, 255], [790.0, 270.0, 30, 30, 255, 255, 255, 255], [460.0, 240.0, 30, 30, 255, 255, 255, 255], [790.0, 240.0, 30, 30, 255, 255, 255, 255], [460.0, 210.0, 30, 30, 255, 255, 255, 255], [790.0, 210.0, 30, 30, 255, 255, 255, 255], [460.0, 180.0, 30, 30, 255, 255, 255, 255], [790.0, 180.0, 30, 30, 255, 255, 255, 255], [460.0, 150.0, 30, 30, 255, 255, 255, 255], [790.0, 150.0, 30, 30, 255, 255, 255, 255], [460.0, 120.0, 30, 30, 255, 255, 255, 255], [790.0, 120.0, 30, 30, 255, 255, 255, 255], [460.0, 90.0, 30, 30, 255, 255, 255, 255], [790.0, 90.0, 30, 30, 255, 255, 255, 255], [460.0, 60.0, 30, 30, 255, 255, 255, 255], [790.0, 60.0, 30, 30, 255, 255, 255, 255], [460.0, 30.0, 30, 30, 255, 255, 255, 255], [790.0, 30.0, 30, 30, 255, 255, 255, 255]], :sprites=>[], :lines=>[], :labels=>[], :sounds=>[], :borders=>[], :primitives=>[], :static_solids=>[], :static_borders=>[], :static_sprites=>[], :static_lines=>[], :static_labels=>[], :static_primitives=>[]}, :grid=>{:runtime=>{:argv=>"./dragonruby", :platform=>"Mac OS X", :required_files=>[], :reload_list_history=>{"app/main.rb"=>{:current=>{:path=>"app/main.rb", :global_at=>28198, :event=>:reload_completed}, :history=>[{:path=>"app/main.rb", :global_at=>-1, :event=>:reload_queued}, {:path=>"app/main.rb", :global_at=>-1, :event=>:processing}, {:path=>"app/main.rb", :global_at=>-1, :event=>:reload_completed}, {:path=>"app/main.rb", :global_at=>2696, :event=>:reload_queued}, {:path=>"app/main.rb", :global_at=>2697, :event=>:processing}, {:path=>"app/main.rb", :global_at=>2698, :event=>:reload_completed}, {:path=>"app/main.rb", :global_at=>3178, :event=>:reload_queued}, {:path=>"app/main.rb", :global_at=>3179, :event=>:processing}, {:path=>"app/main.rb", :global_at=>3180, :event=>:reload_completed}, {:path=>"app/main.rb", :global_at=>3780, :event=>:reload_queued}, {:path=>"app/main.rb", :global_at=>3781, :event=>:processing}, {:path=>"app/main.rb", :global_at=>3782, :event=>:reload_completed}, {:path=>"app/main.rb", :global_at=>25136, :event=>:reload_queued}, {:path=>"app/main.rb", :global_at=>25137, :event=>:processing}, {:path=>"app/main.rb", :global_at=>25138, :event=>:reload_completed}, {:path=>"app/main.rb", :global_at=>28196, :event=>:reload_queued}, {:path=>"app/main.rb", :global_at=>28197, :event=>:processing}, {:path=>"app/main.rb", :global_at=>28198, :event=>:reload_completed}]}}}, :ffi_draw=>"", :name=>:bottom_left, :origin_x=>0.0, :origin_y=>720, :left=>0.0, :right=>1280, :top=>720, :bottom=>0.0, :left_margin=>0.0, :bottom_margin=>0.0, :center_x=>640.0, :center_y=>360.0, :rect=>[0.0, 0.0, 1280, 720], :center=>[640.0, 360.0]}}