# * EXCEPTION:
# ** Failed to reload app/main.rb.
# line 42:20: syntax error
# line 73:3: syntax error
# 
# 
# 
# ** Backtrace:

Game State:
{:state=>{:entity_id=>1, :tick_count=>659, :__thrash_count__=>{}, :game=>#<TetrisGame:0x7fa6dad9f860>}, :temp_state=>{}, :inputs=>{:controller_one=>{:key_down=>{}, :key_held=>{}, :key_up=>{}}, :controller_two=>{:key_down=>{}, :key_held=>{}, :key_up=>{}}, :keyboard=>{:key_up=>{:truthy_keys=>[]}, :key_held=>{:truthy_keys=>[]}, :key_down=>{:truthy_keys=>[]}, :has_focus=>false}, :mouse=>{:x=>0.0, :y=>355.0, :moved=>nil, :moved_at=>159, :has_focus=>false}, :text=>[]}, :passes=>[{:solids=>[[0, 0, 1280, 720, 0, 0, 0], [460.0, 660.0, 30, 30, 255, 0, 0, 255], [460.0, 0.0, 30, 30, 255, 0, 0, 255], [490.0, 660.0, 30, 30, 255, 0, 0, 255], [490.0, 0.0, 30, 30, 255, 0, 0, 255], [520.0, 660.0, 30, 30, 255, 0, 0, 255], [520.0, 0.0, 30, 30, 255, 0, 0, 255], [550.0, 660.0, 30, 30, 255, 0, 0, 255], [550.0, 0.0, 30, 30, 255, 0, 0, 255], [580.0, 660.0, 30, 30, 255, 0, 0, 255], [580.0, 0.0, 30, 30, 255, 0, 0, 255], [610.0, 660.0, 30, 30, 255, 0, 0, 255], [610.0, 0.0, 30, 30, 255, 0, 0, 255], [640.0, 660.0, 30, 30, 255, 0, 0, 255], [640.0, 0.0, 30, 30, 255, 0, 0, 255], [670.0, 660.0, 30, 30, 255, 0, 0, 255], [670.0, 0.0, 30, 30, 255, 0, 0, 255], [700.0, 660.0, 30, 30, 255, 0, 0, 255], [700.0, 0.0, 30, 30, 255, 0, 0, 255], [730.0, 660.0, 30, 30, 255, 0, 0, 255], [730.0, 0.0, 30, 30, 255, 0, 0, 255], [760.0, 660.0, 30, 30, 255, 0, 0, 255], [760.0, 0.0, 30, 30, 255, 0, 0, 255], [790.0, 660.0, 30, 30, 255, 0, 0, 255], [790.0, 0.0, 30, 30, 255, 0, 0, 255], [820.0, 660.0, 30, 30, 255, 0, 0, 255], [820.0, 0.0, 30, 30, 255, 0, 0, 255], [460.0, 660.0, 30, 30, 255, 0, 0, 255], [790.0, 660.0, 30, 30, 255, 0, 0, 255], [460.0, 630.0, 30, 30, 255, 0, 0, 255], [790.0, 630.0, 30, 30, 255, 0, 0, 255], [460.0, 600.0, 30, 30, 255, 0, 0, 255], [790.0, 600.0, 30, 30, 255, 0, 0, 255], [460.0, 570.0, 30, 30, 255, 0, 0, 255], [790.0, 570.0, 30, 30, 255, 0, 0, 255], [460.0, 540.0, 30, 30, 255, 0, 0, 255], [790.0, 540.0, 30, 30, 255, 0, 0, 255], [460.0, 510.0, 30, 30, 255, 0, 0, 255], [790.0, 510.0, 30, 30, 255, 0, 0, 255], [460.0, 480.0, 30, 30, 255, 0, 0, 255], [790.0, 480.0, 30, 30, 255, 0, 0, 255], [460.0, 450.0, 30, 30, 255, 0, 0, 255], [790.0, 450.0, 30, 30, 255, 0, 0, 255], [460.0, 420.0, 30, 30, 255, 0, 0, 255], [790.0, 420.0, 30, 30, 255, 0, 0, 255], [460.0, 390.0, 30, 30, 255, 0, 0, 255], [790.0, 390.0, 30, 30, 255, 0, 0, 255], [460.0, 360.0, 30, 30, 255, 0, 0, 255], [790.0, 360.0, 30, 30, 255, 0, 0, 255], [460.0, 330.0, 30, 30, 255, 0, 0, 255], [790.0, 330.0, 30, 30, 255, 0, 0, 255], [460.0, 300.0, 30, 30, 255, 0, 0, 255], [790.0, 300.0, 30, 30, 255, 0, 0, 255], [460.0, 270.0, 30, 30, 255, 0, 0, 255], [790.0, 270.0, 30, 30, 255, 0, 0, 255], [460.0, 240.0, 30, 30, 255, 0, 0, 255], [790.0, 240.0, 30, 30, 255, 0, 0, 255], [460.0, 210.0, 30, 30, 255, 0, 0, 255], [790.0, 210.0, 30, 30, 255, 0, 0, 255], [460.0, 180.0, 30, 30, 255, 0, 0, 255], [790.0, 180.0, 30, 30, 255, 0, 0, 255], [460.0, 150.0, 30, 30, 255, 0, 0, 255], [790.0, 150.0, 30, 30, 255, 0, 0, 255], [460.0, 120.0, 30, 30, 255, 0, 0, 255], [790.0, 120.0, 30, 30, 255, 0, 0, 255], [460.0, 90.0, 30, 30, 255, 0, 0, 255], [790.0, 90.0, 30, 30, 255, 0, 0, 255], [460.0, 60.0, 30, 30, 255, 0, 0, 255], [790.0, 60.0, 30, 30, 255, 0, 0, 255], [460.0, 30.0, 30, 30, 255, 0, 0, 255], [790.0, 30.0, 30, 30, 255, 0, 0, 255], [460.0, 0.0, 30, 30, 255, 0, 0, 255], [790.0, 0.0, 30, 30, 255, 0, 0, 255], [490.0, 630.0, 30, 30, 255, 0, 0, 255], [490.0, 600.0, 30, 30, 255, 0, 0, 255], [490.0, 570.0, 30, 30, 255, 0, 0, 255], [490.0, 540.0, 30, 30, 255, 0, 0, 255], [490.0, 510.0, 30, 30, 255, 0, 0, 255], [490.0, 480.0, 30, 30, 255, 0, 0, 255], [490.0, 450.0, 30, 30, 255, 0, 0, 255], [490.0, 420.0, 30, 30, 255, 0, 0, 255], [490.0, 390.0, 30, 30, 255, 0, 0, 255], [490.0, 360.0, 30, 30, 255, 0, 0, 255], [490.0, 330.0, 30, 30, 255, 0, 0, 255], [490.0, 300.0, 30, 30, 255, 0, 0, 255], [490.0, 270.0, 30, 30, 255, 0, 0, 255], [490.0, 240.0, 30, 30, 255, 0, 0, 255], [490.0, 210.0, 30, 30, 255, 0, 0, 255], [490.0, 180.0, 30, 30, 255, 0, 0, 255], [490.0, 150.0, 30, 30, 255, 0, 0, 255], [490.0, 120.0, 30, 30, 255, 0, 0, 255], [490.0, 90.0, 30, 30, 255, 0, 0, 255], [490.0, 60.0, 30, 30, 255, 0, 0, 255], [520.0, 630.0, 30, 30, 255, 0, 0, 255], [520.0, 600.0, 30, 30, 255, 0, 0, 255], [520.0, 570.0, 30, 30, 255, 0, 0, 255], [520.0, 540.0, 30, 30, 255, 0, 0, 255], [520.0, 510.0, 30, 30, 255, 0, 0, 255], [520.0, 480.0, 30, 30, 255, 0, 0, 255], [520.0, 450.0, 30, 30, 255, 0, 0, 255], [520.0, 420.0, 30, 30, 255, 0, 0, 255], [520.0, 390.0, 30, 30, 255, 0, 0, 255], [520.0, 360.0, 30, 30, 255, 0, 0, 255], [520.0, 330.0, 30, 30, 255, 0, 0, 255], [520.0, 300.0, 30, 30, 255, 0, 0, 255], [520.0, 270.0, 30, 30, 255, 0, 0, 255], [520.0, 240.0, 30, 30, 255, 0, 0, 255], [520.0, 210.0, 30, 30, 255, 0, 0, 255], [520.0, 180.0, 30, 30, 255, 0, 0, 255], [520.0, 150.0, 30, 30, 255, 0, 0, 255], [520.0, 120.0, 30, 30, 255, 0, 0, 255], [520.0, 90.0, 30, 30, 255, 0, 0, 255], [520.0, 60.0, 30, 30, 255, 0, 0, 255], [550.0, 630.0, 30, 30, 255, 0, 0, 255], [550.0, 600.0, 30, 30, 255, 0, 0, 255], [550.0, 570.0, 30, 30, 255, 0, 0, 255], [550.0, 540.0, 30, 30, 255, 0, 0, 255], [550.0, 510.0, 30, 30, 255, 0, 0, 255], [550.0, 480.0, 30, 30, 255, 0, 0, 255], [550.0, 450.0, 30, 30, 255, 0, 0, 255], [550.0, 420.0, 30, 30, 255, 0, 0, 255], [550.0, 390.0, 30, 30, 255, 0, 0, 255], [550.0, 360.0, 30, 30, 255, 0, 0, 255], [550.0, 330.0, 30, 30, 255, 0, 0, 255], [550.0, 300.0, 30, 30, 255, 0, 0, 255], [550.0, 270.0, 30, 30, 255, 0, 0, 255], [550.0, 240.0, 30, 30, 255, 0, 0, 255], [550.0, 210.0, 30, 30, 255, 0, 0, 255], [550.0, 180.0, 30, 30, 255, 0, 0, 255], [550.0, 150.0, 30, 30, 255, 0, 0, 255], [550.0, 120.0, 30, 30, 255, 0, 0, 255], [550.0, 90.0, 30, 30, 255, 0, 0, 255], [550.0, 60.0, 30, 30, 255, 0, 0, 255], [580.0, 630.0, 30, 30, 255, 0, 0, 255], [580.0, 600.0, 30, 30, 255, 0, 0, 255], [580.0, 570.0, 30, 30, 255, 0, 0, 255], [580.0, 540.0, 30, 30, 255, 0, 0, 255], [580.0, 510.0, 30, 30, 255, 0, 0, 255], [580.0, 480.0, 30, 30, 255, 0, 0, 255], [580.0, 450.0, 30, 30, 255, 0, 0, 255], [580.0, 420.0, 30, 30, 255, 0, 0, 255], [580.0, 390.0, 30, 30, 255, 0, 0, 255], [580.0, 360.0, 30, 30, 255, 0, 0, 255], [580.0, 330.0, 30, 30, 255, 0, 0, 255], [580.0, 300.0, 30, 30, 255, 0, 0, 255], [580.0, 270.0, 30, 30, 255, 0, 0, 255], [580.0, 240.0, 30, 30, 255, 0, 0, 255], [580.0, 210.0, 30, 30, 255, 0, 0, 255], [580.0, 180.0, 30, 30, 255, 0, 0, 255], [580.0, 150.0, 30, 30, 255, 0, 0, 255], [580.0, 120.0, 30, 30, 255, 0, 0, 255], [580.0, 90.0, 30, 30, 255, 0, 0, 255], [580.0, 60.0, 30, 30, 255, 0, 0, 255], [610.0, 630.0, 30, 30, 255, 0, 0, 255], [610.0, 600.0, 30, 30, 255, 0, 0, 255], [610.0, 570.0, 30, 30, 255, 0, 0, 255], [610.0, 540.0, 30, 30, 255, 0, 0, 255], [610.0, 510.0, 30, 30, 255, 0, 0, 255], [610.0, 480.0, 30, 30, 255, 0, 0, 255], [610.0, 450.0, 30, 30, 255, 0, 0, 255], [610.0, 420.0, 30, 30, 255, 0, 0, 255], [610.0, 390.0, 30, 30, 255, 0, 0, 255], [610.0, 360.0, 30, 30, 255, 0, 0, 255], [610.0, 330.0, 30, 30, 255, 0, 0, 255], [610.0, 300.0, 30, 30, 255, 0, 0, 255], [610.0, 270.0, 30, 30, 255, 0, 0, 255], [610.0, 240.0, 30, 30, 255, 0, 0, 255], [610.0, 210.0, 30, 30, 255, 0, 0, 255], [610.0, 180.0, 30, 30, 255, 0, 0, 255], [610.0, 150.0, 30, 30, 255, 0, 0, 255], [610.0, 120.0, 30, 30, 255, 0, 0, 255], [610.0, 90.0, 30, 30, 255, 0, 0, 255], [610.0, 60.0, 30, 30, 255, 0, 0, 255], [640.0, 630.0, 30, 30, 255, 0, 0, 255], [640.0, 600.0, 30, 30, 255, 0, 0, 255], [640.0, 570.0, 30, 30, 255, 0, 0, 255], [640.0, 540.0, 30, 30, 255, 0, 0, 255], [640.0, 510.0, 30, 30, 255, 0, 0, 255], [640.0, 480.0, 30, 30, 255, 0, 0, 255], [640.0, 450.0, 30, 30, 255, 0, 0, 255], [640.0, 420.0, 30, 30, 255, 0, 0, 255], [640.0, 390.0, 30, 30, 255, 0, 0, 255], [640.0, 360.0, 30, 30, 255, 0, 0, 255], [640.0, 330.0, 30, 30, 255, 0, 0, 255], [640.0, 300.0, 30, 30, 255, 0, 0, 255], [640.0, 270.0, 30, 30, 255, 0, 0, 255], [640.0, 240.0, 30, 30, 255, 0, 0, 255], [640.0, 210.0, 30, 30, 255, 0, 0, 255], [640.0, 180.0, 30, 30, 255, 0, 0, 255], [640.0, 150.0, 30, 30, 255, 0, 0, 255], [640.0, 120.0, 30, 30, 255, 0, 0, 255], [640.0, 90.0, 30, 30, 255, 0, 0, 255], [640.0, 60.0, 30, 30, 255, 0, 0, 255], [670.0, 630.0, 30, 30, 255, 0, 0, 255], [670.0, 600.0, 30, 30, 255, 0, 0, 255], [670.0, 570.0, 30, 30, 255, 0, 0, 255], [670.0, 540.0, 30, 30, 255, 0, 0, 255], [670.0, 510.0, 30, 30, 255, 0, 0, 255], [670.0, 480.0, 30, 30, 255, 0, 0, 255], [670.0, 450.0, 30, 30, 255, 0, 0, 255], [670.0, 420.0, 30, 30, 255, 0, 0, 255], [670.0, 390.0, 30, 30, 255, 0, 0, 255], [670.0, 360.0, 30, 30, 255, 0, 0, 255], [670.0, 330.0, 30, 30, 255, 0, 0, 255], [670.0, 300.0, 30, 30, 255, 0, 0, 255], [670.0, 270.0, 30, 30, 255, 0, 0, 255], [670.0, 240.0, 30, 30, 255, 0, 0, 255], [670.0, 210.0, 30, 30, 255, 0, 0, 255], [670.0, 180.0, 30, 30, 255, 0, 0, 255], [670.0, 150.0, 30, 30, 255, 0, 0, 255], [670.0, 120.0, 30, 30, 255, 0, 0, 255], [670.0, 90.0, 30, 30, 255, 0, 0, 255], [670.0, 60.0, 30, 30, 255, 0, 0, 255], [700.0, 630.0, 30, 30, 255, 0, 0, 255], [700.0, 600.0, 30, 30, 255, 0, 0, 255], [700.0, 570.0, 30, 30, 255, 0, 0, 255], [700.0, 540.0, 30, 30, 255, 0, 0, 255], [700.0, 510.0, 30, 30, 255, 0, 0, 255], [700.0, 480.0, 30, 30, 255, 0, 0, 255], [700.0, 450.0, 30, 30, 255, 0, 0, 255], [700.0, 420.0, 30, 30, 255, 0, 0, 255], [700.0, 390.0, 30, 30, 255, 0, 0, 255], [700.0, 360.0, 30, 30, 255, 0, 0, 255], [700.0, 330.0, 30, 30, 255, 0, 0, 255], [700.0, 300.0, 30, 30, 255, 0, 0, 255], [700.0, 270.0, 30, 30, 255, 0, 0, 255], [700.0, 240.0, 30, 30, 255, 0, 0, 255], [700.0, 210.0, 30, 30, 255, 0, 0, 255], [700.0, 180.0, 30, 30, 255, 0, 0, 255], [700.0, 150.0, 30, 30, 255, 0, 0, 255], [700.0, 120.0, 30, 30, 255, 0, 0, 255], [700.0, 90.0, 30, 30, 255, 0, 0, 255], [700.0, 60.0, 30, 30, 255, 0, 0, 255], [730.0, 630.0, 30, 30, 255, 0, 0, 255], [730.0, 600.0, 30, 30, 255, 0, 0, 255], [730.0, 570.0, 30, 30, 255, 0, 0, 255], [730.0, 540.0, 30, 30, 255, 0, 0, 255], [730.0, 510.0, 30, 30, 255, 0, 0, 255], [730.0, 480.0, 30, 30, 255, 0, 0, 255], [730.0, 450.0, 30, 30, 255, 0, 0, 255], [730.0, 420.0, 30, 30, 255, 0, 0, 255], [730.0, 390.0, 30, 30, 255, 0, 0, 255], [730.0, 360.0, 30, 30, 255, 0, 0, 255], [730.0, 330.0, 30, 30, 255, 0, 0, 255], [730.0, 300.0, 30, 30, 255, 0, 0, 255], [730.0, 270.0, 30, 30, 255, 0, 0, 255], [730.0, 240.0, 30, 30, 255, 0, 0, 255], [730.0, 210.0, 30, 30, 255, 0, 0, 255], [730.0, 180.0, 30, 30, 255, 0, 0, 255], [730.0, 150.0, 30, 30, 255, 0, 0, 255], [730.0, 120.0, 30, 30, 255, 0, 0, 255], [730.0, 90.0, 30, 30, 255, 0, 0, 255], [730.0, 60.0, 30, 30, 255, 0, 0, 255], [760.0, 630.0, 30, 30, 255, 0, 0, 255], [760.0, 600.0, 30, 30, 255, 0, 0, 255], [760.0, 570.0, 30, 30, 255, 0, 0, 255], [760.0, 540.0, 30, 30, 255, 0, 0, 255], [760.0, 510.0, 30, 30, 255, 0, 0, 255], [760.0, 480.0, 30, 30, 255, 0, 0, 255], [760.0, 450.0, 30, 30, 255, 0, 0, 255], [760.0, 420.0, 30, 30, 255, 0, 0, 255], [760.0, 390.0, 30, 30, 255, 0, 0, 255], [760.0, 360.0, 30, 30, 255, 0, 0, 255], [760.0, 330.0, 30, 30, 255, 0, 0, 255], [760.0, 300.0, 30, 30, 255, 0, 0, 255], [760.0, 270.0, 30, 30, 255, 0, 0, 255], [760.0, 240.0, 30, 30, 255, 0, 0, 255], [760.0, 210.0, 30, 30, 255, 0, 0, 255], [760.0, 180.0, 30, 30, 255, 0, 0, 255], [760.0, 150.0, 30, 30, 255, 0, 0, 255], [760.0, 120.0, 30, 30, 255, 0, 0, 255], [760.0, 90.0, 30, 30, 255, 0, 0, 255], [760.0, 60.0, 30, 30, 255, 0, 0, 255]], :sprites=>[], :lines=>[], :labels=>[], :sounds=>[], :borders=>[], :primitives=>[], :static_solids=>[], :static_borders=>[], :static_sprites=>[], :static_lines=>[], :static_labels=>[], :static_primitives=>[]}], :outputs=>{:solids=>[[0, 0, 1280, 720, 0, 0, 0], [460.0, 660.0, 30, 30, 255, 0, 0, 255], [460.0, 0.0, 30, 30, 255, 0, 0, 255], [490.0, 660.0, 30, 30, 255, 0, 0, 255], [490.0, 0.0, 30, 30, 255, 0, 0, 255], [520.0, 660.0, 30, 30, 255, 0, 0, 255], [520.0, 0.0, 30, 30, 255, 0, 0, 255], [550.0, 660.0, 30, 30, 255, 0, 0, 255], [550.0, 0.0, 30, 30, 255, 0, 0, 255], [580.0, 660.0, 30, 30, 255, 0, 0, 255], [580.0, 0.0, 30, 30, 255, 0, 0, 255], [610.0, 660.0, 30, 30, 255, 0, 0, 255], [610.0, 0.0, 30, 30, 255, 0, 0, 255], [640.0, 660.0, 30, 30, 255, 0, 0, 255], [640.0, 0.0, 30, 30, 255, 0, 0, 255], [670.0, 660.0, 30, 30, 255, 0, 0, 255], [670.0, 0.0, 30, 30, 255, 0, 0, 255], [700.0, 660.0, 30, 30, 255, 0, 0, 255], [700.0, 0.0, 30, 30, 255, 0, 0, 255], [730.0, 660.0, 30, 30, 255, 0, 0, 255], [730.0, 0.0, 30, 30, 255, 0, 0, 255], [760.0, 660.0, 30, 30, 255, 0, 0, 255], [760.0, 0.0, 30, 30, 255, 0, 0, 255], [790.0, 660.0, 30, 30, 255, 0, 0, 255], [790.0, 0.0, 30, 30, 255, 0, 0, 255], [820.0, 660.0, 30, 30, 255, 0, 0, 255], [820.0, 0.0, 30, 30, 255, 0, 0, 255], [460.0, 660.0, 30, 30, 255, 0, 0, 255], [790.0, 660.0, 30, 30, 255, 0, 0, 255], [460.0, 630.0, 30, 30, 255, 0, 0, 255], [790.0, 630.0, 30, 30, 255, 0, 0, 255], [460.0, 600.0, 30, 30, 255, 0, 0, 255], [790.0, 600.0, 30, 30, 255, 0, 0, 255], [460.0, 570.0, 30, 30, 255, 0, 0, 255], [790.0, 570.0, 30, 30, 255, 0, 0, 255], [460.0, 540.0, 30, 30, 255, 0, 0, 255], [790.0, 540.0, 30, 30, 255, 0, 0, 255], [460.0, 510.0, 30, 30, 255, 0, 0, 255], [790.0, 510.0, 30, 30, 255, 0, 0, 255], [460.0, 480.0, 30, 30, 255, 0, 0, 255], [790.0, 480.0, 30, 30, 255, 0, 0, 255], [460.0, 450.0, 30, 30, 255, 0, 0, 255], [790.0, 450.0, 30, 30, 255, 0, 0, 255], [460.0, 420.0, 30, 30, 255, 0, 0, 255], [790.0, 420.0, 30, 30, 255, 0, 0, 255], [460.0, 390.0, 30, 30, 255, 0, 0, 255], [790.0, 390.0, 30, 30, 255, 0, 0, 255], [460.0, 360.0, 30, 30, 255, 0, 0, 255], [790.0, 360.0, 30, 30, 255, 0, 0, 255], [460.0, 330.0, 30, 30, 255, 0, 0, 255], [790.0, 330.0, 30, 30, 255, 0, 0, 255], [460.0, 300.0, 30, 30, 255, 0, 0, 255], [790.0, 300.0, 30, 30, 255, 0, 0, 255], [460.0, 270.0, 30, 30, 255, 0, 0, 255], [790.0, 270.0, 30, 30, 255, 0, 0, 255], [460.0, 240.0, 30, 30, 255, 0, 0, 255], [790.0, 240.0, 30, 30, 255, 0, 0, 255], [460.0, 210.0, 30, 30, 255, 0, 0, 255], [790.0, 210.0, 30, 30, 255, 0, 0, 255], [460.0, 180.0, 30, 30, 255, 0, 0, 255], [790.0, 180.0, 30, 30, 255, 0, 0, 255], [460.0, 150.0, 30, 30, 255, 0, 0, 255], [790.0, 150.0, 30, 30, 255, 0, 0, 255], [460.0, 120.0, 30, 30, 255, 0, 0, 255], [790.0, 120.0, 30, 30, 255, 0, 0, 255], [460.0, 90.0, 30, 30, 255, 0, 0, 255], [790.0, 90.0, 30, 30, 255, 0, 0, 255], [460.0, 60.0, 30, 30, 255, 0, 0, 255], [790.0, 60.0, 30, 30, 255, 0, 0, 255], [460.0, 30.0, 30, 30, 255, 0, 0, 255], [790.0, 30.0, 30, 30, 255, 0, 0, 255], [460.0, 0.0, 30, 30, 255, 0, 0, 255], [790.0, 0.0, 30, 30, 255, 0, 0, 255], [490.0, 630.0, 30, 30, 255, 0, 0, 255], [490.0, 600.0, 30, 30, 255, 0, 0, 255], [490.0, 570.0, 30, 30, 255, 0, 0, 255], [490.0, 540.0, 30, 30, 255, 0, 0, 255], [490.0, 510.0, 30, 30, 255, 0, 0, 255], [490.0, 480.0, 30, 30, 255, 0, 0, 255], [490.0, 450.0, 30, 30, 255, 0, 0, 255], [490.0, 420.0, 30, 30, 255, 0, 0, 255], [490.0, 390.0, 30, 30, 255, 0, 0, 255], [490.0, 360.0, 30, 30, 255, 0, 0, 255], [490.0, 330.0, 30, 30, 255, 0, 0, 255], [490.0, 300.0, 30, 30, 255, 0, 0, 255], [490.0, 270.0, 30, 30, 255, 0, 0, 255], [490.0, 240.0, 30, 30, 255, 0, 0, 255], [490.0, 210.0, 30, 30, 255, 0, 0, 255], [490.0, 180.0, 30, 30, 255, 0, 0, 255], [490.0, 150.0, 30, 30, 255, 0, 0, 255], [490.0, 120.0, 30, 30, 255, 0, 0, 255], [490.0, 90.0, 30, 30, 255, 0, 0, 255], [490.0, 60.0, 30, 30, 255, 0, 0, 255], [520.0, 630.0, 30, 30, 255, 0, 0, 255], [520.0, 600.0, 30, 30, 255, 0, 0, 255], [520.0, 570.0, 30, 30, 255, 0, 0, 255], [520.0, 540.0, 30, 30, 255, 0, 0, 255], [520.0, 510.0, 30, 30, 255, 0, 0, 255], [520.0, 480.0, 30, 30, 255, 0, 0, 255], [520.0, 450.0, 30, 30, 255, 0, 0, 255], [520.0, 420.0, 30, 30, 255, 0, 0, 255], [520.0, 390.0, 30, 30, 255, 0, 0, 255], [520.0, 360.0, 30, 30, 255, 0, 0, 255], [520.0, 330.0, 30, 30, 255, 0, 0, 255], [520.0, 300.0, 30, 30, 255, 0, 0, 255], [520.0, 270.0, 30, 30, 255, 0, 0, 255], [520.0, 240.0, 30, 30, 255, 0, 0, 255], [520.0, 210.0, 30, 30, 255, 0, 0, 255], [520.0, 180.0, 30, 30, 255, 0, 0, 255], [520.0, 150.0, 30, 30, 255, 0, 0, 255], [520.0, 120.0, 30, 30, 255, 0, 0, 255], [520.0, 90.0, 30, 30, 255, 0, 0, 255], [520.0, 60.0, 30, 30, 255, 0, 0, 255], [550.0, 630.0, 30, 30, 255, 0, 0, 255], [550.0, 600.0, 30, 30, 255, 0, 0, 255], [550.0, 570.0, 30, 30, 255, 0, 0, 255], [550.0, 540.0, 30, 30, 255, 0, 0, 255], [550.0, 510.0, 30, 30, 255, 0, 0, 255], [550.0, 480.0, 30, 30, 255, 0, 0, 255], [550.0, 450.0, 30, 30, 255, 0, 0, 255], [550.0, 420.0, 30, 30, 255, 0, 0, 255], [550.0, 390.0, 30, 30, 255, 0, 0, 255], [550.0, 360.0, 30, 30, 255, 0, 0, 255], [550.0, 330.0, 30, 30, 255, 0, 0, 255], [550.0, 300.0, 30, 30, 255, 0, 0, 255], [550.0, 270.0, 30, 30, 255, 0, 0, 255], [550.0, 240.0, 30, 30, 255, 0, 0, 255], [550.0, 210.0, 30, 30, 255, 0, 0, 255], [550.0, 180.0, 30, 30, 255, 0, 0, 255], [550.0, 150.0, 30, 30, 255, 0, 0, 255], [550.0, 120.0, 30, 30, 255, 0, 0, 255], [550.0, 90.0, 30, 30, 255, 0, 0, 255], [550.0, 60.0, 30, 30, 255, 0, 0, 255], [580.0, 630.0, 30, 30, 255, 0, 0, 255], [580.0, 600.0, 30, 30, 255, 0, 0, 255], [580.0, 570.0, 30, 30, 255, 0, 0, 255], [580.0, 540.0, 30, 30, 255, 0, 0, 255], [580.0, 510.0, 30, 30, 255, 0, 0, 255], [580.0, 480.0, 30, 30, 255, 0, 0, 255], [580.0, 450.0, 30, 30, 255, 0, 0, 255], [580.0, 420.0, 30, 30, 255, 0, 0, 255], [580.0, 390.0, 30, 30, 255, 0, 0, 255], [580.0, 360.0, 30, 30, 255, 0, 0, 255], [580.0, 330.0, 30, 30, 255, 0, 0, 255], [580.0, 300.0, 30, 30, 255, 0, 0, 255], [580.0, 270.0, 30, 30, 255, 0, 0, 255], [580.0, 240.0, 30, 30, 255, 0, 0, 255], [580.0, 210.0, 30, 30, 255, 0, 0, 255], [580.0, 180.0, 30, 30, 255, 0, 0, 255], [580.0, 150.0, 30, 30, 255, 0, 0, 255], [580.0, 120.0, 30, 30, 255, 0, 0, 255], [580.0, 90.0, 30, 30, 255, 0, 0, 255], [580.0, 60.0, 30, 30, 255, 0, 0, 255], [610.0, 630.0, 30, 30, 255, 0, 0, 255], [610.0, 600.0, 30, 30, 255, 0, 0, 255], [610.0, 570.0, 30, 30, 255, 0, 0, 255], [610.0, 540.0, 30, 30, 255, 0, 0, 255], [610.0, 510.0, 30, 30, 255, 0, 0, 255], [610.0, 480.0, 30, 30, 255, 0, 0, 255], [610.0, 450.0, 30, 30, 255, 0, 0, 255], [610.0, 420.0, 30, 30, 255, 0, 0, 255], [610.0, 390.0, 30, 30, 255, 0, 0, 255], [610.0, 360.0, 30, 30, 255, 0, 0, 255], [610.0, 330.0, 30, 30, 255, 0, 0, 255], [610.0, 300.0, 30, 30, 255, 0, 0, 255], [610.0, 270.0, 30, 30, 255, 0, 0, 255], [610.0, 240.0, 30, 30, 255, 0, 0, 255], [610.0, 210.0, 30, 30, 255, 0, 0, 255], [610.0, 180.0, 30, 30, 255, 0, 0, 255], [610.0, 150.0, 30, 30, 255, 0, 0, 255], [610.0, 120.0, 30, 30, 255, 0, 0, 255], [610.0, 90.0, 30, 30, 255, 0, 0, 255], [610.0, 60.0, 30, 30, 255, 0, 0, 255], [640.0, 630.0, 30, 30, 255, 0, 0, 255], [640.0, 600.0, 30, 30, 255, 0, 0, 255], [640.0, 570.0, 30, 30, 255, 0, 0, 255], [640.0, 540.0, 30, 30, 255, 0, 0, 255], [640.0, 510.0, 30, 30, 255, 0, 0, 255], [640.0, 480.0, 30, 30, 255, 0, 0, 255], [640.0, 450.0, 30, 30, 255, 0, 0, 255], [640.0, 420.0, 30, 30, 255, 0, 0, 255], [640.0, 390.0, 30, 30, 255, 0, 0, 255], [640.0, 360.0, 30, 30, 255, 0, 0, 255], [640.0, 330.0, 30, 30, 255, 0, 0, 255], [640.0, 300.0, 30, 30, 255, 0, 0, 255], [640.0, 270.0, 30, 30, 255, 0, 0, 255], [640.0, 240.0, 30, 30, 255, 0, 0, 255], [640.0, 210.0, 30, 30, 255, 0, 0, 255], [640.0, 180.0, 30, 30, 255, 0, 0, 255], [640.0, 150.0, 30, 30, 255, 0, 0, 255], [640.0, 120.0, 30, 30, 255, 0, 0, 255], [640.0, 90.0, 30, 30, 255, 0, 0, 255], [640.0, 60.0, 30, 30, 255, 0, 0, 255], [670.0, 630.0, 30, 30, 255, 0, 0, 255], [670.0, 600.0, 30, 30, 255, 0, 0, 255], [670.0, 570.0, 30, 30, 255, 0, 0, 255], [670.0, 540.0, 30, 30, 255, 0, 0, 255], [670.0, 510.0, 30, 30, 255, 0, 0, 255], [670.0, 480.0, 30, 30, 255, 0, 0, 255], [670.0, 450.0, 30, 30, 255, 0, 0, 255], [670.0, 420.0, 30, 30, 255, 0, 0, 255], [670.0, 390.0, 30, 30, 255, 0, 0, 255], [670.0, 360.0, 30, 30, 255, 0, 0, 255], [670.0, 330.0, 30, 30, 255, 0, 0, 255], [670.0, 300.0, 30, 30, 255, 0, 0, 255], [670.0, 270.0, 30, 30, 255, 0, 0, 255], [670.0, 240.0, 30, 30, 255, 0, 0, 255], [670.0, 210.0, 30, 30, 255, 0, 0, 255], [670.0, 180.0, 30, 30, 255, 0, 0, 255], [670.0, 150.0, 30, 30, 255, 0, 0, 255], [670.0, 120.0, 30, 30, 255, 0, 0, 255], [670.0, 90.0, 30, 30, 255, 0, 0, 255], [670.0, 60.0, 30, 30, 255, 0, 0, 255], [700.0, 630.0, 30, 30, 255, 0, 0, 255], [700.0, 600.0, 30, 30, 255, 0, 0, 255], [700.0, 570.0, 30, 30, 255, 0, 0, 255], [700.0, 540.0, 30, 30, 255, 0, 0, 255], [700.0, 510.0, 30, 30, 255, 0, 0, 255], [700.0, 480.0, 30, 30, 255, 0, 0, 255], [700.0, 450.0, 30, 30, 255, 0, 0, 255], [700.0, 420.0, 30, 30, 255, 0, 0, 255], [700.0, 390.0, 30, 30, 255, 0, 0, 255], [700.0, 360.0, 30, 30, 255, 0, 0, 255], [700.0, 330.0, 30, 30, 255, 0, 0, 255], [700.0, 300.0, 30, 30, 255, 0, 0, 255], [700.0, 270.0, 30, 30, 255, 0, 0, 255], [700.0, 240.0, 30, 30, 255, 0, 0, 255], [700.0, 210.0, 30, 30, 255, 0, 0, 255], [700.0, 180.0, 30, 30, 255, 0, 0, 255], [700.0, 150.0, 30, 30, 255, 0, 0, 255], [700.0, 120.0, 30, 30, 255, 0, 0, 255], [700.0, 90.0, 30, 30, 255, 0, 0, 255], [700.0, 60.0, 30, 30, 255, 0, 0, 255], [730.0, 630.0, 30, 30, 255, 0, 0, 255], [730.0, 600.0, 30, 30, 255, 0, 0, 255], [730.0, 570.0, 30, 30, 255, 0, 0, 255], [730.0, 540.0, 30, 30, 255, 0, 0, 255], [730.0, 510.0, 30, 30, 255, 0, 0, 255], [730.0, 480.0, 30, 30, 255, 0, 0, 255], [730.0, 450.0, 30, 30, 255, 0, 0, 255], [730.0, 420.0, 30, 30, 255, 0, 0, 255], [730.0, 390.0, 30, 30, 255, 0, 0, 255], [730.0, 360.0, 30, 30, 255, 0, 0, 255], [730.0, 330.0, 30, 30, 255, 0, 0, 255], [730.0, 300.0, 30, 30, 255, 0, 0, 255], [730.0, 270.0, 30, 30, 255, 0, 0, 255], [730.0, 240.0, 30, 30, 255, 0, 0, 255], [730.0, 210.0, 30, 30, 255, 0, 0, 255], [730.0, 180.0, 30, 30, 255, 0, 0, 255], [730.0, 150.0, 30, 30, 255, 0, 0, 255], [730.0, 120.0, 30, 30, 255, 0, 0, 255], [730.0, 90.0, 30, 30, 255, 0, 0, 255], [730.0, 60.0, 30, 30, 255, 0, 0, 255], [760.0, 630.0, 30, 30, 255, 0, 0, 255], [760.0, 600.0, 30, 30, 255, 0, 0, 255], [760.0, 570.0, 30, 30, 255, 0, 0, 255], [760.0, 540.0, 30, 30, 255, 0, 0, 255], [760.0, 510.0, 30, 30, 255, 0, 0, 255], [760.0, 480.0, 30, 30, 255, 0, 0, 255], [760.0, 450.0, 30, 30, 255, 0, 0, 255], [760.0, 420.0, 30, 30, 255, 0, 0, 255], [760.0, 390.0, 30, 30, 255, 0, 0, 255], [760.0, 360.0, 30, 30, 255, 0, 0, 255], [760.0, 330.0, 30, 30, 255, 0, 0, 255], [760.0, 300.0, 30, 30, 255, 0, 0, 255], [760.0, 270.0, 30, 30, 255, 0, 0, 255], [760.0, 240.0, 30, 30, 255, 0, 0, 255], [760.0, 210.0, 30, 30, 255, 0, 0, 255], [760.0, 180.0, 30, 30, 255, 0, 0, 255], [760.0, 150.0, 30, 30, 255, 0, 0, 255], [760.0, 120.0, 30, 30, 255, 0, 0, 255], [760.0, 90.0, 30, 30, 255, 0, 0, 255], [760.0, 60.0, 30, 30, 255, 0, 0, 255]], :sprites=>[], :lines=>[], :labels=>[], :sounds=>[], :borders=>[], :primitives=>[], :static_solids=>[], :static_borders=>[], :static_sprites=>[], :static_lines=>[], :static_labels=>[], :static_primitives=>[]}, :grid=>{:runtime=>{:argv=>"./dragonruby", :platform=>"Mac OS X", :required_files=>[], :reload_list_history=>{"app/main.rb"=>{:current=>{:path=>"app/main.rb", :global_at=>97517, :event=>:reload_completed}, :history=>[{:path=>"app/main.rb", :global_at=>-1, :event=>:reload_queued}, {:path=>"app/main.rb", :global_at=>-1, :event=>:processing}, {:path=>"app/main.rb", :global_at=>-1, :event=>:reload_completed}, {:path=>"app/main.rb", :global_at=>959, :event=>:reload_queued}, {:path=>"app/main.rb", :global_at=>960, :event=>:processing}, {:path=>"app/main.rb", :global_at=>961, :event=>:reload_completed}, {:path=>"app/main.rb", :global_at=>4799, :event=>:reload_queued}, {:path=>"app/main.rb", :global_at=>4800, :event=>:processing}, {:path=>"app/main.rb", :global_at=>4801, :event=>:reload_completed}, {:path=>"app/main.rb", :global_at=>6720, :event=>:reload_queued}, {:path=>"app/main.rb", :global_at=>6721, :event=>:processing}, {:path=>"app/main.rb", :global_at=>6722, :event=>:reload_completed}, {:path=>"app/main.rb", :global_at=>7320, :event=>:reload_queued}, {:path=>"app/main.rb", :global_at=>7321, :event=>:processing}, {:path=>"app/main.rb", :global_at=>7322, :event=>:reload_completed}, {:path=>"app/main.rb", :global_at=>27629, :event=>:reload_queued}, {:path=>"app/main.rb", :global_at=>27630, :event=>:processing}, {:path=>"app/main.rb", :global_at=>27631, :event=>:reload_completed}, {:path=>"app/main.rb", :global_at=>28529, :event=>:reload_queued}, {:path=>"app/main.rb", :global_at=>28530, :event=>:processing}, {:path=>"app/main.rb", :global_at=>28531, :event=>:reload_completed}, {:path=>"app/main.rb", :global_at=>29491, :event=>:reload_queued}, {:path=>"app/main.rb", :global_at=>29492, :event=>:processing}, {:path=>"app/main.rb", :global_at=>29493, :event=>:reload_completed}, {:path=>"app/main.rb", :global_at=>29673, :event=>:reload_queued}, {:path=>"app/main.rb", :global_at=>29674, :event=>:processing}, {:path=>"app/main.rb", :global_at=>29675, :event=>:reload_completed}, {:path=>"app/main.rb", :global_at=>33814, :event=>:reload_queued}, {:path=>"app/main.rb", :global_at=>33815, :event=>:processing}, {:path=>"app/main.rb", :global_at=>33816, :event=>:reload_completed}, {:path=>"app/main.rb", :global_at=>33876, :event=>:reload_queued}, {:path=>"app/main.rb", :global_at=>33877, :event=>:processing}, {:path=>"app/main.rb", :global_at=>33878, :event=>:reload_completed}, {:path=>"app/main.rb", :global_at=>41437, :event=>:reload_queued}, {:path=>"app/main.rb", :global_at=>41438, :event=>:processing}, {:path=>"app/main.rb", :global_at=>41439, :event=>:reload_completed}, {:path=>"app/main.rb", :global_at=>42159, :event=>:reload_queued}, {:path=>"app/main.rb", :global_at=>42160, :event=>:processing}, {:path=>"app/main.rb", :global_at=>42161, :event=>:reload_completed}, {:path=>"app/main.rb", :global_at=>42521, :event=>:reload_queued}, {:path=>"app/main.rb", :global_at=>42522, :event=>:processing}, {:path=>"app/main.rb", :global_at=>42523, :event=>:reload_completed}, {:path=>"app/main.rb", :global_at=>49780, :event=>:reload_queued}, {:path=>"app/main.rb", :global_at=>49781, :event=>:processing}, {:path=>"app/main.rb", :global_at=>49782, :event=>:reload_completed}, {:path=>"app/main.rb", :global_at=>80376, :event=>:reload_queued}, {:path=>"app/main.rb", :global_at=>80377, :event=>:processing}, {:path=>"app/main.rb", :global_at=>80378, :event=>:reload_completed}, {:path=>"app/main.rb", :global_at=>81937, :event=>:reload_queued}, {:path=>"app/main.rb", :global_at=>81938, :event=>:processing}, {:path=>"app/main.rb", :global_at=>81939, :event=>:reload_completed}, {:path=>"app/main.rb", :global_at=>82477, :event=>:reload_queued}, {:path=>"app/main.rb", :global_at=>82478, :event=>:processing}, {:path=>"app/main.rb", :global_at=>82479, :event=>:reload_completed}, {:path=>"app/main.rb", :global_at=>82779, :event=>:reload_queued}, {:path=>"app/main.rb", :global_at=>82780, :event=>:processing}, {:path=>"app/main.rb", :global_at=>82781, :event=>:reload_completed}, {:path=>"app/main.rb", :global_at=>84519, :event=>:reload_queued}, {:path=>"app/main.rb", :global_at=>84520, :event=>:processing}, {:path=>"app/main.rb", :global_at=>84521, :event=>:reload_completed}, {:path=>"app/main.rb", :global_at=>84641, :event=>:reload_queued}, {:path=>"app/main.rb", :global_at=>84642, :event=>:processing}, {:path=>"app/main.rb", :global_at=>84643, :event=>:reload_completed}, {:path=>"app/main.rb", :global_at=>85063, :event=>:reload_queued}, {:path=>"app/main.rb", :global_at=>85064, :event=>:processing}, {:path=>"app/main.rb", :global_at=>85065, :event=>:reload_completed}, {:path=>"app/main.rb", :global_at=>86685, :event=>:reload_queued}, {:path=>"app/main.rb", :global_at=>86686, :event=>:processing}, {:path=>"app/main.rb", :global_at=>86687, :event=>:reload_completed}, {:path=>"app/main.rb", :global_at=>87047, :event=>:reload_queued}, {:path=>"app/main.rb", :global_at=>87048, :event=>:processing}, {:path=>"app/main.rb", :global_at=>87049, :event=>:reload_completed}, {:path=>"app/main.rb", :global_at=>87409, :event=>:reload_queued}, {:path=>"app/main.rb", :global_at=>87410, :event=>:processing}, {:path=>"app/main.rb", :global_at=>87411, :event=>:reload_completed}, {:path=>"app/main.rb", :global_at=>87531, :event=>:reload_queued}, {:path=>"app/main.rb", :global_at=>87532, :event=>:processing}, {:path=>"app/main.rb", :global_at=>87533, :event=>:reload_completed}, {:path=>"app/main.rb", :global_at=>88313, :event=>:reload_queued}, {:path=>"app/main.rb", :global_at=>88314, :event=>:processing}, {:path=>"app/main.rb", :global_at=>88315, :event=>:reload_completed}, {:path=>"app/main.rb", :global_at=>88495, :event=>:reload_queued}, {:path=>"app/main.rb", :global_at=>88496, :event=>:processing}, {:path=>"app/main.rb", :global_at=>88497, :event=>:reload_completed}, {:path=>"app/main.rb", :global_at=>88675, :event=>:reload_queued}, {:path=>"app/main.rb", :global_at=>88676, :event=>:processing}, {:path=>"app/main.rb", :global_at=>88677, :event=>:reload_completed}, {:path=>"app/main.rb", :global_at=>88857, :event=>:reload_queued}, {:path=>"app/main.rb", :global_at=>88858, :event=>:processing}, {:path=>"app/main.rb", :global_at=>88859, :event=>:reload_completed}, {:path=>"app/main.rb", :global_at=>89279, :event=>:reload_queued}, {:path=>"app/main.rb", :global_at=>89280, :event=>:processing}, {:path=>"app/main.rb", :global_at=>89281, :event=>:reload_completed}, {:path=>"app/main.rb", :global_at=>89581, :event=>:reload_queued}, {:path=>"app/main.rb", :global_at=>89582, :event=>:processing}, {:path=>"app/main.rb", :global_at=>89583, :event=>:reload_completed}, {:path=>"app/main.rb", :global_at=>89823, :event=>:reload_queued}, {:path=>"app/main.rb", :global_at=>89824, :event=>:processing}, {:path=>"app/main.rb", :global_at=>89825, :event=>:reload_completed}, {:path=>"app/main.rb", :global_at=>91143, :event=>:reload_queued}, {:path=>"app/main.rb", :global_at=>91144, :event=>:processing}, {:path=>"app/main.rb", :global_at=>91145, :event=>:reload_completed}, {:path=>"app/main.rb", :global_at=>91265, :event=>:reload_queued}, {:path=>"app/main.rb", :global_at=>91266, :event=>:processing}, {:path=>"app/main.rb", :global_at=>91267, :event=>:reload_completed}, {:path=>"app/main.rb", :global_at=>93121, :event=>:reload_queued}, {:path=>"app/main.rb", :global_at=>93122, :event=>:processing}, {:path=>"app/main.rb", :global_at=>93123, :event=>:reload_completed}, {:path=>"app/main.rb", :global_at=>93483, :event=>:reload_queued}, {:path=>"app/main.rb", :global_at=>93484, :event=>:processing}, {:path=>"app/main.rb", :global_at=>93485, :event=>:reload_completed}, {:path=>"app/main.rb", :global_at=>93905, :event=>:reload_queued}, {:path=>"app/main.rb", :global_at=>93906, :event=>:processing}, {:path=>"app/main.rb", :global_at=>93907, :event=>:reload_completed}, {:path=>"app/main.rb", :global_at=>94147, :event=>:reload_queued}, {:path=>"app/main.rb", :global_at=>94148, :event=>:processing}, {:path=>"app/main.rb", :global_at=>94149, :event=>:reload_completed}, {:path=>"app/main.rb", :global_at=>95349, :event=>:reload_queued}, {:path=>"app/main.rb", :global_at=>95350, :event=>:processing}, {:path=>"app/main.rb", :global_at=>95351, :event=>:reload_completed}, {:path=>"app/main.rb", :global_at=>95651, :event=>:reload_queued}, {:path=>"app/main.rb", :global_at=>95652, :event=>:processing}, {:path=>"app/main.rb", :global_at=>95653, :event=>:reload_completed}, {:path=>"app/main.rb", :global_at=>96672, :event=>:reload_queued}, {:path=>"app/main.rb", :global_at=>96673, :event=>:processing}, {:path=>"app/main.rb", :global_at=>96674, :event=>:reload_completed}, {:path=>"app/main.rb", :global_at=>96793, :event=>:reload_queued}, {:path=>"app/main.rb", :global_at=>96794, :event=>:processing}, {:path=>"app/main.rb", :global_at=>96795, :event=>:reload_completed}, {:path=>"app/main.rb", :global_at=>97515, :event=>:reload_queued}, {:path=>"app/main.rb", :global_at=>97516, :event=>:processing}, {:path=>"app/main.rb", :global_at=>97517, :event=>:reload_completed}]}}}, :ffi_draw=>"", :name=>:bottom_left, :origin_x=>0.0, :origin_y=>720, :left=>0.0, :right=>1280, :top=>720, :bottom=>0.0, :left_margin=>0.0, :bottom_margin=>0.0, :center_x=>640.0, :center_y=>360.0, :rect=>[0.0, 0.0, 1280, 720], :center=>[640.0, 360.0]}}